0.0	0
0.05	1.03241428645524
0.1	1.7646396651631775
0.15	2.137831550010299
0.2	2.3341091613695335
0.25	2.4572973801702473
0.3	2.5491073927518486
0.35	2.6245033799416766
0.4	2.6884781082801275
0.45	2.742525397368993
0.5	2.7870788290252584
0.55	2.8224409088542846
0.6	2.8491055948640254
0.65	2.8678165456410234
0.7	2.8795127067438506
0.75	2.885237091213037
0.8	2.886047028890762
0.85	2.882943067296937
0.9	2.876821733658405
0.95	2.868450902977497
1.0	2.8584634300460094
1.05	2.847363697512184
1.1	2.83554197549718
1.15	2.8232923966818038
1.2	2.8108315021407173
1.25	2.798315424188938
1.3	2.7858546906013943
1.35	2.77352630086708
1.4	2.7613831548346615
1.45	2.749461149340151
1.5	2.737784354324772
1.55	2.7263686865115755
1.6	2.715224455675358
1.65	2.7043580941036884
1.7	2.6937733119251464
1.75	2.6834718594894666
1.8	2.6734540272224523
1.85	2.663718974106918
1.9	2.6542649469868738
1.95	2.6450894322842893
2.0	2.636189267384364
2.05	2.627560729094616
2.1	2.619199609835774
2.15	2.6111012876073696
2.2	2.6032607926471543
2.25	2.595672871657539
2.3	2.5883320492331143
2.35	2.5812326854941223
2.4	2.574369028753917
2.45	2.567735262185785
2.5	2.5613255437848776
2.55	2.5551340393414024
2.6	2.5491549485692397
2.65	2.5433825249100512
2.7	2.5378110898182267
2.75	2.532435042506515
2.8	2.5272488661936654
2.85	2.5222471318519055
2.9	2.5174245003245637
2.95	2.5127757234979526
3.0	2.5082956449974545
3.05	2.5039792006650514
3.1	2.4998214188913717
3.15	2.495817420739625
3.2	2.4919624197223937
3.25	2.488251721077921
3.3	2.484680720432091
3.35	2.4812449018114195
3.4	2.4779398350722985
3.45	2.4747611729120633
3.5	2.4717046477103564
3.55	2.468766068501077
3.6	2.4659413183888903
3.65	2.463226352698693
3.7	2.460617198086704
3.75	2.4581099527577686
3.8	2.455700787836327
3.85	2.4533859498410027
3.9	2.451161764125887
3.95	2.4490246390836306
4.0	2.4469710708614256
4.05	2.4449976483226954
4.1	2.443101057993406
4.15	2.4412780887581644
4.2	2.439525636113155
4.25	2.4378407058329605
4.3	2.436220416962338
4.35	2.434662004094331
4.4	2.4331628189410752
4.45	2.4317203312375817
4.5	2.4303321290428737
4.55	2.4289959185148073
4.6	2.4277095232370374
4.65	2.426470883170205
4.7	2.425278053287168
4.75	2.4241292019364464
4.8	2.423022608961747
4.85	2.421956663590424
4.9	2.420929862091865
4.95	2.419940805199093
5.0	2.418988195283343
5.05	2.4180708332723952
5.1	2.417187615307687
5.15	2.4163375291421687
5.2	2.415519650289133
5.25	2.4147331379406856
5.3	2.4139772306823684
5.35	2.4132512420367256
5.4	2.4125545558730623
5.45	2.411886621722842
5.5	2.4112469500406903
5.55	2.410635107449444
5.6	2.410050712005143
5.65	2.4094934285143625
5.7	2.408962963932353
5.75	2.408459062866867
5.8	2.4079815032088265
5.85	2.4075300919079163
5.9	2.4071046609088445
5.95	2.4067050632615055
6.0	2.4063311694167764
6.05	2.405982863717692
6.1	2.4056600410941207
6.15	2.405362603967132
6.2	2.4050904593669253
6.25	2.4048435162659
6.3	2.4046216831255713
6.35	2.404424865653391
6.4	2.4042529647626125
6.45	2.4041058747259085
6.5	2.40398348151129
6.55	2.403885661287252
6.6	2.403812279083256
6.65	2.4037631875912795
6.7	2.403738226095028
6.75	2.403737219514312
6.8	2.40375997755402
6.85	2.4038062939492435
6.9	2.4038759458004426
6.95	2.4039686929949915
7.0	2.404084277713559
7.05	2.404222424021945
7.1	2.404382837550193
7.15	2.4045652052620827
7.2	2.4047691953183867
7.25	2.404994457037289
7.3	2.405240620954832
7.35	2.4055072989872675
7.4	2.405794084695964
7.45	2.4061005536540154
7.5	2.4064262639123637
7.55	2.4067707565613947
7.6	2.40713355638291
7.65	2.407514172585975
7.7	2.407912099619202
7.75	2.4083268180513047
7.8	2.4087577955114052
7.85	2.409204487680128
7.9	2.4096663393230386
7.95	2.41014278535752
8.0	2.4106332519453106
8.05	2.411137157602685
8.1	2.4116539143213895
8.15	2.4121829286934613
8.2	2.4127236030338315
8.25	2.4132753364951167
8.3	2.4138375261690905
8.35	2.4144095681700732
8.4	2.4149908586955195
8.45	2.4155807950594186
8.5	2.4161787766944833
8.55	2.4167842061193543
8.6	2.417396489867388
8.65	2.41801503937396
8.7	2.4186392718197887
8.75	2.419268610928307
8.8	2.4199024877155866
8.85	2.4205403411921567
8.9	2.4211816190167714
8.95	2.4218257781026824
9.0	2.4224722851778724
9.05	2.4231206173012345
9.1	2.423770262337208
9.15	2.424420719391769
9.2	2.4250714992130167
9.25	2.4257221245596146
9.3	2.4263721305403325
9.35	2.427021064927722
9.4	2.4276684884485666
9.45	2.428313975053331
9.5	2.428957112166137
9.55	2.429597500916352
9.6	2.4302347563519593
9.65	2.4308685076345165
9.7	2.431498398214757
9.75	2.432124085987371
9.8	2.432745243423287
9.85	2.4333615576772583
9.9	2.433972730668686
9.95	2.4345784791334424
10.0	2.4351785346447024
10.05	2.4357726436010636
10.1	2.436360567180542
10.15	2.4369420812595743
10.2	2.437516976296639
10.25	2.4380850571806265
10.3	2.4386461430446955
10.35	2.439200067046787
10.4	2.4397466761186166
10.45	2.4402858306851614
10.5	2.4408174043572552
10.55	2.441341283600076
10.6	2.44185736738037
10.65	2.442365566795755
10.7	2.442865804689041
10.75	2.4433580152507575
10.8	2.443842143612925
10.85	2.444318145436879
10.9	2.444785986497865
10.95	2.4452456422688282
11.0	2.44569709750562
11.05	2.446140345835532
11.1	2.44657538935091
11.15	2.447002238209169
11.2	2.4474209102405062
11.25	2.447831430564129
11.3	2.4482338312138383
11.35	2.448628150773353
11.4	2.4490144340218474
11.45	2.4493927315897444
11.5	2.44976309962499
11.55	2.450125599469504
11.6	2.450480297345884
11.65	2.450827264053987
11.7	2.451166574677116
11.75	2.4514983082975643
11.8	2.451822547721108
11.85	2.4521393792101156
11.9	2.4524488922250245
11.95	2.4527511791737022
12.0	2.4530463351685925
12.05	2.453334457791283
12.1	2.4536156468642645
12.15	2.453890004229831
12.2	2.454157633535827
12.25	2.4544186400282753
12.3	2.454673130350783
12.35	2.4549212123506816
12.4	2.4551629948919467
12.45	2.4553985876749014
12.5	2.455628101062745
12.55	2.4558516459149753
12.6	2.4560693334277013
12.65	2.4562812749810643
12.7	2.456487581993543
12.75	2.456688365783398
12.8	2.4568837374372365
12.85	2.4570738076855356
12.9	2.4572586867853206
12.95	2.4574384844097517
13.0	2.457613309544669
13.05	2.4577832703919613
13.1	2.4579484742795623
13.15	2.458109027578083
13.2	2.4582650356237097
13.25	2.458416602647407
13.3	2.458563831710022
13.35	2.458706824643215
13.4	2.458845681995903
13.45	2.458980502986046
13.5	2.4591113854574767
13.55	2.4592384258415927
13.6	2.4593617191235646
13.65	2.4594813588129227
13.7	2.45959743691821
13.75	2.4597100439254804
13.8	2.4598192687803815
13.85	2.459925198873605
13.9	2.460027920029533
13.95	2.460127516497751
14.0	2.4602240709473233
14.05	2.4603176644636133
14.1	2.4604083765473996
14.15	2.4604962851162155
14.2	2.460581466507629
14.25	2.4606639954844605
14.3	2.460743945241625
14.35	2.4608213874145872
14.4	2.460896392089236
14.45	2.4609690278131677
14.5	2.461039361608079
14.55	2.4611074589833777
14.6	2.461173383950812
14.65	2.4612371990400512
14.7	2.4612989653150996
14.75	2.4613587423916257
14.8	2.4614165884548913
14.85	2.461472560278453
14.9	2.4615267132434493
14.95	2.461579101358447
15.0	2.4616297772797604
15.05	2.461678792332299
15.1	2.4617261965307398
15.15	2.4617720386011284
15.2	2.461816366002736
15.25	2.461859224950209
15.3	2.461900660435979
15.35	2.4619407162527898
15.4	2.4619794350164415
15.45	2.4620168581885715
15.5	2.462053026099575
15.55	2.462087977971494
15.6	2.4621217519409844
15.65	2.462154385082134
15.7	2.462185913429336
15.75	2.4622163719999817
15.8	2.4622457948170626
15.85	2.4622742149316137
15.9	2.462301664444986
15.95	2.462328174530875
16.0	2.462353775457221
16.05	2.462378496607746
16.1	2.462402366503324
16.15	2.462425412823048
16.2	2.4624476624249714
16.25	2.4624691413665976
16.3	2.462489874925035
16.35	2.4625098876168
16.4	2.462529203217354
16.45	2.4625478448177907
16.5	2.4625658347265
16.55	2.4625831946100254
16.6	2.4625999454682077
16.65	2.4626161076521074
16.7	2.4626317008815004
16.75	2.4626467442620332
16.8	2.4626612563019386
16.85	2.462675254928492
16.9	2.462688757504094
16.95	2.462701780842015
17.0	2.4627143412218175
17.05	2.4627264544044363
17.1	2.4627381356469655
17.15	2.4627493997170906
17.2	2.4627602609072183
17.25	2.4627707330483215
17.3	2.4627808295233944
17.35	2.462790563280721
17.4	2.4627999468467
17.45	2.462808992338506
17.5	2.4628177114763283
17.55	2.4628261155954068
17.6	2.462834215657741
17.65	2.4628420222634237
17.7	2.4628495456618733
17.75	2.462856795762562
17.8	2.462863782145618
17.85	2.4628705140720455
17.9	2.462877000493717
17.95	2.462883250063043
18.0	2.4628892711424086
18.05	2.4628950718133074
18.1	2.462900659885199
18.15	2.462906042904125
18.2	2.462911228161062
18.25	2.4629162226999757
18.3	2.4629210333256926
18.35	2.4629256666114965
18.4	2.462930128906428
18.45	2.462934426342478
18.5	2.462938564841449
18.55	2.462942550121652
18.6	2.462946387704389
18.65	2.4629500829202025
18.7	2.462953640914999
18.75	2.462957066655902
18.8	2.4629603649370315
18.85	2.4629635403849974
18.9	2.4629665974643142
18.95	2.4629695404826553
19.0	2.462972373595915
19.05	2.462975100813158
19.1	2.4629777260014394
19.15	2.462980252890464
19.2	2.4629826850771717
19.25	2.4629850260301303
19.3	2.4629872790938676
19.35	2.4629894474930665
19.4	2.46299153433666
19.45	2.462993542621778
19.5	2.462995475237645
19.55	2.462997334969331
19.6	2.4629991245013967
19.65	2.4630008464214495
19.7	2.4630025032236147
19.75	2.463004097311814
19.8	2.4630056310030892
19.85	2.463007106530674
19.9	2.463008526047051
19.95	2.4630098916269003
20.0	2.4630112052699182
20.05	2.4630124689035324
20.1	2.463013684385582
20.15	2.463014853506809
20.2	2.4630159779933396
20.25	2.463017059508991
20.3	2.463018099657561
20.35	2.463019099984991
20.4	2.463020061981417
20.45	2.463020987083198
20.5	2.4630218766748104
20.55	2.4630227320907223
20.6	2.4630235546170733
20.65	2.4630243454934733
20.7	2.4630251059145407
20.75	2.463025837031523
20.8	2.463026539953726
20.85	2.463027215750051
20.9	2.463027865450274
20.95	2.463028490046475
21.0	2.4630290904942753
21.05	2.4630296677140944
21.1	2.46303022259234
21.15	2.463030755982606
21.2	2.463031268706749
21.25	2.4630317615559965
21.3	2.4630322352920326
21.35	2.4630326906479576
21.4	2.4630331283293465
21.45	2.4630335490151567
21.5	2.4630339533587104
21.55	2.4630343419885885
21.6	2.46303471550949
21.65	2.4630350745031175
21.7	2.463035419529003
21.75	2.4630357511253274
21.8	2.4630360698096783
21.85	2.463036376079836
21.9	2.463036670414489
21.95	2.46303695327399
22.0	2.463037225100997
22.05	2.4630374863211837
22.1	2.4630377373438654
22.15	2.4630379785626286
22.2	2.4630382103559514
22.25	2.4630384330877466
22.3	2.463038647107996
22.35	2.463038852753193
22.4	2.4630390503469544
22.45	2.4630392402004793
22.5	2.4630394226130217
22.55	2.4630395978723776
22.6	2.4630397662553225
22.65	2.463039928028049
22.7	2.463040083446549
22.75	2.4630402327570233
22.8	2.463040376196266
22.85	2.463040513992026
22.9	2.4630406463633423
22.95	2.4630407735208855
23.0	2.46304089566728
23.05	2.4630410129974005
23.1	2.4630411256986773
23.15	2.463041233951369
23.2	2.4630413379288543
23.25	2.4630414377978567
23.3	2.4630415337187355
23.35	2.4630416258456855
23.4	2.4630417143269963
23.45	2.4630417993052727
23.5	2.4630418809176353
23.55	2.4630419592959285
23.6	2.4630420345669184
23.65	2.463042106852511
23.7	2.463042176269878
23.75	2.4630422429316794
23.8	2.463042306946231
23.85	2.463042368417645
23.9	2.463042427445991
23.95	2.463042484127477
24.0	2.463042538554553
24.05	2.4630425908161073
24.1	2.463042640997531
24.15	2.463042689180913
24.2	2.4630427354451436
24.25	2.4630427798660217
24.3	2.4630428225163947
24.35	2.4630428634662547
24.4	2.463042902782864
24.45	2.4630429405308414
24.5	2.4630429767722926
24.55	2.4630430115668625
24.6	2.463043044971878
24.65	2.463043077042397
24.7	2.463043107831341
24.75	2.4630431373895205
24.8	2.463043165765776
24.85	2.4630431930070076
24.9	2.4630432191582847
24.95	2.463043244262891
25.0	2.463043268362409
