0.05	1.0305381722660996
0.1	1.7556692513156094
0.15	2.117961344919094
0.2	2.3030755546872568
0.25	2.4175330553543017
0.3	2.5044723092991306
0.35	2.5796396108283495
0.4	2.6486404432635555
0.45	2.713509198738081
0.5	2.7750401027470115
0.55	2.8335953262095184
0.6	2.8893834733617307
0.65	2.942555637679183
0.7	2.9932386100275177
0.75	3.0415463900393602
0.8	3.0875843234546916
0.85	3.131450926716681
0.9	3.1732391339147488
0.95	3.213037434590895
1.0	3.2509308993238073
1.05	3.2870019747633963
1.1	3.321330974001151
1.15	3.3539962755399877
1.2	3.385074308717774
1.25	3.4146394228964208
1.3	3.4427637204661896
1.35	3.469516900930444
1.4	3.494966133956025
1.45	3.5191759626137737
1.5	3.542208233876683
1.55	3.564122056218705
1.6	3.584973787658549
1.65	3.6048170580077987
1.7	3.623702825791752
1.75	3.6416794650244073
1.8	3.6587928722475227
1.85	3.6750865819551755
1.9	3.6906018794307993
1.95	3.705377903559869
2.0	3.7194517369660063
2.05	3.7328584852927027
2.1	3.745631350419185
2.15	3.7578017033248585
2.2	3.7693991613559827
2.25	3.780451672449595
2.3	3.7909856062908593
2.35	3.801025850199475
2.4	3.810595906267078
2.45	3.8197179860612187
2.5	3.8284130999202697
2.55	3.836701139130926
2.6	3.844600950682997
2.65	3.8521304054648446
2.7	3.859306461459416
2.75	3.866145223652536
2.8	3.872662002037961
2.85	3.878871368465911
2.9	3.8847872123344804
2.95	3.890422794456058
3.0	3.895790797977294
3.05	3.9009033750579967
3.1	3.9057721881184952
3.15	3.910408444793013
3.2	3.9148229261933993
3.25	3.9190260086004267
3.3	3.9230276791764145
3.35	3.9268375466703564
3.4	3.930464848330203
3.45	3.9339184543337553
3.5	3.937206871011046
3.55	3.940338243978912
3.6	3.943320362076858
3.65	3.946160662715945
3.7	3.948866238963931
3.75	3.95144384841979
3.8	3.9538999237026635
3.85	3.9562405842100086
3.9	3.9584716486963787
3.95	3.9605986481883013
4.0	3.9626268387756527
4.05	3.964561213895162
4.1	3.966406515830241
4.15	3.9681672462770075
4.2	3.969847675951254
4.25	3.9714518533210024
4.3	3.9729836126325466
4.35	3.974446581448748
4.4	3.9758441879349657
4.45	3.9771796681135467
4.5	3.978456073268789
4.55	3.9796762776290677
4.6	3.980842986390971
4.65	3.9819587440904676
4.7	3.983025943274774
4.75	3.984046833391125
4.8	3.9850235297860586
4.85	3.9859580227013125
4.9	3.986852186157649
4.95	3.9877077866312076
5.0	3.988526491445734
5.05	3.989309876822795
5.1	3.990059435548973
5.15	3.990776584230969
5.2	3.9914626701166753
5.25	3.9921189774625896
5.3	3.9927467334266686
5.35	3.993347113463294
5.4	3.993921246194927
5.45	3.9944702177357265
5.5	3.9949950754463748
5.55	3.9954968311083774
5.6	3.9959764635188875
5.65	3.9964349205232073
5.7	3.9968731205206214
5.75	3.9972919534971423
5.8	3.9976922816553047
5.85	3.9980749397240083
5.9	3.9984407350392925
5.95	3.9987904474892138
6.0	3.999124829412002
6.05	3.999444605527347
6.1	3.999750472966311
6.15	4.000043101447731
6.2	4.000323133629442
6.25	4.000591185642948
6.3	4.000847847801745
6.35	4.001093685458073
6.4	4.001329239971036
6.45	4.001555029741777
6.5	4.001771551268485
6.55	4.001979280176061
6.6	4.002178672180467
6.65	4.002370163956736
6.7	4.002554173889924
6.75	4.002731102699943
6.8	4.002901333942695
6.85	4.003065234399965
6.9	4.003223154379175
6.95	4.0033754279501075
7.0	4.003522373148767
7.05	4.003664292179396
7.1	4.003801471643503
7.15	4.003934182820191
7.2	4.004062682016615
7.25	4.0041872109997945
7.3	4.0043079975135925
7.35	4.0044252558774325
7.4	4.004539187656095
7.45	4.004649982385012
7.5	4.004757818330745
7.55	4.004862863264449
7.6	4.0049652752253655
7.65	4.005065203252125
7.7	4.005162788062759
7.75	4.0052581626674275
7.8	4.005351452902877
7.85	4.005442777882393
7.9	4.005532250360318
7.95	4.005619977014935
8.0	4.005706058657885
8.05	4.005790590381739
8.1	4.005873661659828
8.15	4.00595535641399
8.2	4.006035753066146
8.25	4.0061149245892205
8.3	4.0061929385712185
8.35	4.006269857304525
8.4	4.0063457379093474
8.45	4.006420632497827
8.5	4.006494588381916
8.55	4.006567648325436
8.6	4.00663985083818
8.65	4.006711230507232
8.7	4.006781818359562
8.75	4.006851642247866
8.8	4.006920727251589
8.85	4.006989096084205
8.9	4.007056769498336
8.95	4.007123766680524
9.0	4.007190105628567
9.05	4.0072558035048935
9.1	4.007320876961068
9.15	4.007385342429218
9.2	4.007449216377518
9.25	4.007512515528003
9.3	4.0075752570358105
9.35	4.007637458629835
9.4	4.007699138715661
9.45	4.007760316442006
9.5	4.007821011732692
9.55	4.007881245286254
9.6	4.007941038545944
9.65	4.008000413642802
9.7	4.0080593933149835
9.75	4.00811800080645
9.8	4.0081762597482875
9.85	4.008234194026175
9.9	4.008291827637322
9.95	4.008349184540305
10.0	4.008406288501331
10.05	4.008463162940159
10.1	4.008519830778826
10.15	4.008576314296406
10.2	4.008632634992293
10.25	4.008688813460696
10.3	4.008744869278474
10.35	4.008800820907933
10.4	4.008856685616122
10.45	4.008912479411417
10.5	4.00896821699805
10.55	4.009023911748424
10.6	4.00907957569318
10.65	4.009135219528046
10.7	4.009190852636658
10.75	4.009246483127837
10.8	4.009302117886037
10.85	4.009357762633062
10.9	4.009413421999426
10.95	4.009469099603377
11.0	4.009524798135938
11.05	4.009580519450015
11.1	4.009636264652059
11.15	4.009692034194606
11.2	4.009747827968416
11.25	4.009803645392908
11.3	4.009859485503781
11.35	4.009915347037126
11.4	4.009971228508997
11.45	4.01002712829014
11.5	4.010083044675266
11.55	4.010138975946598
11.6	4.010194920431434
11.65	4.010250876553655
11.7	4.010306842879064
11.75	4.010362818154537
11.8	4.010418801341059
11.85	4.010474791640772
11.9	4.010530788518074
11.95	4.010586791714939
12.0	4.010642801260739
12.05	4.010698817476638
12.1	4.010754840974967
12.15	4.010810872653745
12.2	4.01086691368668
12.25	4.010922965509128
12.3	4.01097902980022
12.35	4.011035108461737
12.4	4.011091203594091
12.45	4.011147317469945
12.5	4.011203452505909
12.55	4.011259611232939
12.6	4.01131579626578
12.65	4.0113720102721375
12.7	4.0114282559419
12.75	4.011484535957112
12.8	4.011540852962814
12.85	4.0115972095395325
12.9	4.011653608177429
12.95	4.011710051252688
13.0	4.011766541006213
13.05	4.011823079524967
13.1	4.011879668725997
13.15	4.01193631034327
13.2	4.011993005917427
13.25	4.012049756788246
13.3	4.012106564089967
13.35	4.012163428749217
13.4	4.0122203514853805
13.45	4.012277332813374
13.5	4.012334373048395
13.55	4.01239147231257
13.6	4.012448630543239
13.65	4.0125058475025055
13.7	4.012563122787835
13.75	4.012620455843597
13.8	4.012677845972987
13.85	4.012735292350326
13.9	4.012792794033429
13.95	4.0128503499757935
14.0	4.012907959038488
14.05	4.012965620001439
14.1	4.013023331574212
14.15	4.0130810924058915
14.2	4.013138901094141
14.25	4.013196756193382
14.3	4.0132546562219495
14.35	4.0133125996683665
14.4	4.013370584996508
14.45	4.013428610650028
14.5	4.013486675055784
14.55	4.013544776626469
14.6	4.013602913762561
14.65	4.013661084853581
14.7	4.013719288278813
14.75	4.013777522407592
14.8	4.0138357855991496
14.85	4.013894076202281
14.9	4.013952392554733
14.95	4.014010732982551
15.0	4.014069095799278
15.05	4.014127479305217
15.1	4.014185881786714
15.15	4.014244301515511
15.2	4.014302736748142
15.25	4.0143611857254635
15.3	4.014419646672278
15.35	4.014478117796987
15.4	4.014536597291295
15.45	4.014595083330004
15.5	4.014653574070768
15.55	4.014712067653827
15.6	4.014770562201673
15.65	4.014829055818739
15.7	4.014887546590844
15.75	4.014946032584681
15.8	4.015004511847066
15.85	4.015062982404141
15.9	4.01512144226045
15.95	4.0151798893979
16.0	4.0152383217745955
16.05	4.015296737323689
16.1	4.015355133952114
16.15	4.015413509539346
16.2	4.015471861936168
16.25	4.015530188963479
16.3	4.015588488411239
16.35	4.015646758037497
16.4	4.015704995567565
16.45	4.015763198693402
16.5	4.015821365073185
16.55	4.015879492331155
16.6	4.015937578057633
16.65	4.0159956198093445
16.7	4.016053615110011
16.75	4.016111561451215
16.8	4.01616945629346
16.85	4.01622729706758
16.9	4.0162850811763615
16.95	4.0163428059963335
17.0	4.016400468879885
17.05	4.016458067157479
17.1	4.016515598140072
17.15	4.01657305912168
17.2	4.016630447382058
17.25	4.016687760189452
17.3	4.016744994803472
17.35	4.0168021484779235
17.4	4.016859218463761
17.45	4.016916202011906
17.5	4.0169730963761685
17.55	4.017029898816004
17.6	4.017086606599239
17.65	4.017143217004767
17.7	4.017199727325004
17.75	4.017256134868346
17.8	4.0173124369614355
17.85	4.017368630951243
17.9	4.017424714207101
17.95	4.017480684122472
18.0	4.017536538116574
18.05	4.017592273635853
18.1	4.017647888155246
18.15	4.017703379179323
18.2	4.01775874424319
18.25	4.017813980913217
18.3	4.017869086787683
18.35	4.0179240594971315
18.4	4.0179788967046735
18.45	4.0180335961060925
18.5	4.018088155429798
18.55	4.018142572436702
18.6	4.018196844919909
18.65	4.018250970704346
18.7	4.018304947646304
18.75	4.018358773632865
18.8	4.018412446581273
18.85	4.018465964438256
18.9	4.018519325179291
18.95	4.018572526807908
19.0	4.018625567354814
19.05	4.018678444877216
19.1	4.018731157457967
19.15	4.0187837032048375
19.2	4.018836080249767
19.25	4.018888286748152
19.3	4.018940320878129
19.35	4.01899218083997
19.4	4.019043864855498
19.45	4.019095371167458
19.5	4.0191466980390995
19.55	4.019197843753683
19.6	4.019248806614059
19.65	4.019299584942367
19.7	4.019350177079672
19.75	4.019400581385756
19.8	4.0194507962388775
19.85	4.019500820035601
19.9	4.019550651190685
19.95	4.01960028813696
20.0	4.019649729325315
20.05	4.019698973224624
20.1	4.019748018321775
20.15	4.019796863121721
20.2	4.019845506147488
20.25	4.0198939459402885
20.3	4.019942181059624
20.35	4.019990210083414
20.4	4.020038031608088
20.45	4.020085644248803
20.5	4.020133046639597
20.55	4.020180237433555
20.6	4.020227215303065
20.65	4.0202739789399695
20.7	4.020320527055889
20.75	4.020366858382355
20.8	4.02041297167116
20.85	4.020458865694558
20.9	4.020504539245602
20.95	4.020549991138357
21.0	4.020595220208244
21.05	4.020640225312283
21.1	4.020685005329471
21.15	4.020729559160972
21.2	4.020773885730527
21.25	4.020817983984671
21.3	4.020861852893092
21.35	4.020905491448895
21.4	4.020948898668881
21.45	4.020992073593883
21.5	4.02103501528898
21.55	4.021077722843799
21.6	4.021120195372783
21.65	4.0211624320154185
21.7	4.021204431936471
21.75	4.0212461943262054
21.8	4.0212877184006555
21.85	4.021329003401733
21.9	4.021370048597482
21.95	4.021410853282234
22.0	4.021451416776768
22.05	4.021491738428459
22.1	4.02153181761141
22.15	4.021571653726584
22.2	4.021611246201921
22.25	4.021650594492416
22.3	4.021689698080248
22.35	4.02172855647482
22.4	4.0217671692128265
22.45	4.021805535858343
22.5	4.021843656002871
22.55	4.021881529265308
22.6	4.021919155292094
22.65	4.021956533757126
22.7	4.021993664361839
22.75	4.022030546835153
22.8	4.022067180933524
22.85	4.022103566440897
22.9	4.022139703168692
22.95	4.022175590955781
23.0	4.022211229668433
23.05	4.022246619200305
23.1	4.022281759472336
23.15	4.022316650432746
23.2	4.022351292056894
23.25	4.022385684347298
23.3	4.0224198273334375
23.35	4.022453721071747
23.4	4.022487365645456
23.45	4.0225207611644915
23.5	4.022553907765365
23.55	4.022586805611025
23.6	4.022619454890726
23.65	4.022651855819854
23.7	4.02268400863978
23.75	4.022715913617686
23.8	4.022747571046375
23.85	4.022778981244074
23.9	4.022810144554245
23.95	4.022841061345342
24.0	4.022871732010609
24.05	4.022902156967826
24.1	4.022932336659108
24.15	4.022962271550566
24.2	4.022991962132118
24.25	4.023021408917189
24.3	4.02305061244242
24.35	4.02307957326738
24.4	4.023108291974274
24.45	4.023136769167644
24.5	4.023165005474019
24.55	4.023193001541657
24.6	4.0232207580401385
24.65	4.023248275660114
24.7	4.023275555112918
24.75	4.023302597130239
24.8	4.023329402463789
24.85	4.0233559718849525
24.9	4.0233823061844065
24.95	4.02340840617182
