0.05	1.0301174805911786
0.1	1.7537258748554814
0.15	2.1127943995567247
0.2	2.2925828609434067
0.25	2.399350648174818
0.3	2.4760367790393714
0.35	2.5382150030367048
0.4	2.5913474125713947
0.45	2.6373739999697947
0.5	2.677064159903877
0.55	2.7108369373840824
0.6	2.7390406522239097
0.65	2.7620406176772283
0.7	2.780237744938975
0.75	2.794062465532216
0.8	2.8039608978115274
0.85	2.8103800954442972
0.9	2.8137551883566783
0.95	2.814499429732515
1.0	2.8129972874314877
1.05	2.809600288360406
1.1	2.8046251388968844
1.15	2.798353599404256
1.2	2.7910336233289197
1.25	2.7828813412505666
1.3	2.774083552529006
1.35	2.764800467373389
1.4	2.7551685127686105
1.45	2.7453030738248625
1.5	2.7353010875686503
1.55	2.7252434402361896
1.6	2.7151971436751583
1.65	2.705217283543626
1.7	2.695348743468401
1.75	2.685627716711619
1.8	2.676083021353774
1.85	2.666737237369845
1.9	2.6576076848395838
1.95	2.6487072623150754
2.0	2.6400451633876156
2.05	2.6316274880144888
2.1	2.623457763408181
2.15	2.615537387444667
2.2	2.607866005761197
2.25	2.6004418320900777
2.3	2.5932619199671256
2.35	2.5863223927747625
2.4	2.579618638109114
2.45	2.5731454716593856
2.5	2.5668972751101173
2.55	2.560868111982361
2.6	2.5550518247883423
2.65	2.549442116370971
2.7	2.5440326178320474
2.75	2.538816945026858
2.8	2.53378874522968
2.85	2.5289417352633823
2.9	2.524269732143615
2.95	2.519766677113371
3.0	2.515426653831449
3.05	2.511243901416808
3.1	2.507212823025871
3.15	2.50332799063508
3.2	2.4995841467023787
3.25	2.4959762033749278
3.3	2.492499239887997
3.35	2.4891484987567276
3.4	2.485919381295786
3.45	2.4828074429165587
3.5	2.4798083885507824
3.55	2.4769180684420236
3.6	2.4741324744391715
3.65	2.471447736827793
3.7	2.468860121651104
3.75	2.4663660284087
3.8	2.4639619879794257
3.85	2.461644660595951
3.9	2.4594108337014804
3.95	2.4572574195391663
4.0	2.455181452359118
4.05	2.4531800851708234
4.1	2.451250586014828
4.15	2.449390333772928
4.2	2.4475968135763657
4.25	2.445867611903455
4.3	2.4442004114806766
4.35	2.4425929861127758
4.4	2.441043195568741
4.45	2.439548980642112
4.5	2.4381083584882943
4.55	2.4367194183194942
4.6	2.4353803175126445
4.65	2.4340892781590884
4.7	2.432844584058956
4.75	2.4316445781398834
4.8	2.4304876602604457
4.85	2.4293722853441486
4.9	2.428296961780724
4.95	2.4272602500274743
5.0	2.426260761344629
5.05	2.425297156603611
5.1	2.424368145115928
5.15	2.423472483440908
5.2	2.4226089741425265
5.25	2.421776464477376
5.3	2.4209738450074396
5.35	2.4202000481408223
5.4	2.419454046611706
5.45	2.4187348519165637
5.5	2.418041512726963
5.55	2.417373113300982
5.6	2.416728771914445
5.65	2.416107639331694
5.7	2.415508897332183
5.75	2.414931757305825
5.8	2.4143754589260067
5.85	2.4138392689052726
5.9	2.4133224798353194
5.95	2.4128244091097315
6.0	2.412344397925617
6.05	2.4118818103585054
6.1	2.4114360325036555
6.15	2.411006471676415
6.2	2.410592555664049
6.25	2.4101937320217157
6.3	2.4098094674058395
6.35	2.409439246938682
6.4	2.4090825735987216
6.45	2.408738967632338
6.5	2.4084079659830615
6.55	2.408089121735445
6.6	2.407782003571338
6.65	2.4074861952371935
6.7	2.4072012950214186
6.75	2.406926915241518
6.8	2.4066626817413246
6.85	2.4064082333987065
6.9	2.406163221644877
6.95	2.4059273099962186
7.0	2.405700173600013
7.05	2.405481498795284
7.1	2.4052709826898955
7.15	2.405068332754978
7.2	2.4048732664374612
7.25	2.404685510791269
7.3	2.4045048021273057
7.35	2.404330885682202
7.4	2.4041635153053793
7.45	2.4040024531636988
7.5	2.4038474694627783
7.55	2.4036983421839
7.6	2.403554856835244
7.65	2.4034168062161583
7.7	2.4032839901932865
7.75	2.40315621548724
7.8	2.403033295468756
7.85	2.4029150499633736
7.9	2.4028013050637185
7.95	2.4026918929487526
8.0	2.402586651709311
8.05	2.4024854251794947
8.1	2.402388062773413
8.15	2.402294419326969
8.2	2.402204354944169
8.25	2.40211773484775
8.3	2.4020344292334213
8.35	2.401954313127481
8.4	2.401877266247082
8.45	2.401803172862684
8.5	2.4017319216620043
8.55	2.4016634056148867
8.6	2.401597521838476
8.65	2.401534171462191
8.7	2.4014732594919552
8.75	2.401414694673457
8.8	2.401358389354127
8.85	2.4013042593438323
8.9	2.401252223774399
8.95	2.4012022049582455
9.0	2.4011541282466027
9.05	2.4011079218878932
9.1	2.4010635168871195
9.15	2.4010208468670227
9.2	2.4009798479319984
9.25	2.4009404585357825
9.3	2.4009026193538485
9.35	2.4008662731615003
9.4	2.400831364718548
9.45	2.4007978406613435
9.5	2.4007656494028473
9.55	2.4007347410411897
9.6	2.4007050672770975
9.65	2.400676581340324
9.7	2.400649237924982
9.75	2.400622993133693
9.8	2.400597804429946
9.85	2.400573630598344
9.9	2.4005504317118587
9.95	2.400528169105414
10.0	2.400506805354788
10.05	2.4004863042599696
10.1	2.4004666308319793
10.15	2.400447751282055
10.2	2.400429633012412
10.25	2.4004122446074883
10.3	2.400395555825
10.35	2.4003795375858576
10.4	2.4003641619625022
10.45	2.4003494021649594
10.5	2.4003352325242737
10.55	2.400321628473027
10.6	2.4003085665227237
10.65	2.4002960242380467
10.7	2.4002839802080116
10.75	2.400272414031217
10.8	2.400261306228213
10.85	2.4002506382597213
10.9	2.4002403924686213
10.95	2.400230552039442
11.0	2.4002211009566086
11.05	2.4002120239621076
11.1	2.4002033065128545
11.15	2.40019493473832
11.2	2.4001868953988046
11.25	2.4001791758448037
11.3	2.4001717639777214
11.35	2.4001646482124297
11.4	2.4001578174417135
11.45	2.4001512610030376
11.5	2.4001449686476124
11.55	2.4001389305119645
11.6	2.400133137092068
11.65	2.4001275792199523
11.7	2.4001222480428472
11.75	2.4001171350047046
11.8	2.400112231830069
11.85	2.400107530509996
11.9	2.400103023290014
11.95	2.4000987026598413
12.0	2.40009456134469
12.05	2.400090592297932
12.1	2.400086788694967
12.15	2.400083143927981
12.2	2.400079651601628
12.25	2.4000763055291428
12.3	2.4000730997290156
12.35	2.4000700284219203
12.4	2.400067086027799
12.45	2.4000642671630175
12.5	2.4000615666374996
12.55	2.4000589794517966
12.6	2.4000565007939154
12.65	2.40005412603611
12.7	2.4000518507313906
12.75	2.4000496706098056
12.8	2.400047581574629
12.85	2.400045579698241
12.9	2.4000436612179215
12.95	2.400041822531455
13.0	2.4000400601925986
13.05	2.400038370906467
13.1	2.400036751524813
13.15	2.400035199041256
13.2	2.4000337105864733
13.25	2.4000322834233256
13.3	2.4000309149420307
13.35	2.4000296026552626
13.4	2.4000283441933212
13.45	2.40002713729928
13.5	2.4000259798241688
13.55	2.400024869722166
13.6	2.4000238050458726
13.65	2.4000227839415635
13.7	2.400021804644544
13.75	2.400020865474521
13.8	2.4000199648310887
13.85	2.4000191011892396
13.9	2.400018273095004
13.95	2.4000174791612237
14.0	2.400016718063363
14.05	2.4000159885355346
14.1	2.4000152893666766
14.15	2.400014619396828
14.2	2.4000139775136855
14.25	2.400013362649274
14.3	2.4000127737768873
14.35	2.4000122099082164
14.4	2.4000116700907013
14.45	2.4000111534051443
14.5	2.4000106589634993
14.55	2.4000101859069436
14.6	2.400009733404155
14.65	2.400009300649812
14.7	2.400008886863254
14.75	2.4000084912874438
14.8	2.400008113187985
14.85	2.4000077518523733
14.9	2.4000074065894115
14.95	2.4000070767286923
15.0	2.4000067616202263
15.05	2.400006460634149
15.1	2.400006173160533
15.15	2.400005898609157
15.2	2.400005636409443
15.25	2.4000053860103185
15.3	2.4000051468801056
15.35	2.400004918506447
15.4	2.4000047003961313
15.45	2.400004492074995
15.5	2.4000042930877097
15.55	2.40000410299759
15.6	2.400003921386311
15.65	2.4000037478536456
15.7	2.4000035820171037
15.75	2.400003423511555
15.8	2.4000032719888353
15.85	2.4000031271172784
15.9	2.4000029885812344
15.95	2.400002856080569
16.0	2.4000027293301454
16.05	2.4000026080592427
16.1	2.4000024920110445
16.15	2.4000023809419995
16.2	2.4000022746213334
16.25	2.400002172830385
16.3	2.4000020753621047
16.35	2.400001982020453
16.4	2.400001892619823
16.45	2.4000018069845583
16.5	2.4000017249483503
16.55	2.400001646353765
16.6	2.400001571051713
16.65	2.4000014989009655
16.7	2.400001429767708
16.75	2.4000013635250563
16.8	2.400001300052664
16.85	2.4000012392362673
16.9	2.40000118096732
16.95	2.400001125142618
17.0	2.40000107166393
17.05	2.40000102043766
17.1	2.400000971374566
17.15	2.400000924389429
17.2	2.4000008794007806
17.25	2.4000008363306553
17.3	2.4000007951043716
17.35	2.4000007556502587
17.4	2.400000717899522
17.45	2.400000681786011
17.5	2.400000647246068
17.55	2.4000006142184094
17.6	2.400000582643936
17.65	2.4000005524656602
17.7	2.4000005236286035
17.75	2.4000004960796426
17.8	2.4000004697675337
17.85	2.400000444642742
17.9	2.4000004206574284
17.95	2.4000003977653805
18.0	2.400000375921992
18.05	2.400000355084152
18.1	2.4000003352102888
18.15	2.400000316260247
18.2	2.400000298195317
18.25	2.4000002809781584
18.3	2.400000264572777
18.35	2.4000002489444947
18.4	2.4000002340598923
18.45	2.400000219886786
18.5	2.4000002063941874
18.55	2.4000001935522466
18.6	2.400000181332258
18.65	2.4000001697065394
18.7	2.400000158648473
18.75	2.400000148132422
18.8	2.4000001381336897
18.85	2.4000001286285104
18.9	2.4000001195939795
18.95	2.400000111008059
19.0	2.400000102849497
19.05	2.4000000950978566
19.1	2.400000087733462
19.15	2.400000080737362
19.2	2.4000000740913583
19.25	2.40000006777794
19.3	2.4000000617803185
19.35	2.4000000560823804
19.4	2.400000050668704
19.45	2.4000000455245467
19.5	2.4000000406358475
19.55	2.4000000359892035
19.6	2.4000000315718846
19.65	2.4000000273718443
19.7	2.4000000233776664
19.75	2.400000019578617
19.8	2.400000015964586
19.85	2.4000000125261245
19.9	2.400000009254399
19.95	2.4000000061411737
20.0	2.400000003178824
20.05	2.400000000360297
20.1	2.399999997679077
20.15	2.3999999951291824
20.2	2.399999992705129
20.25	2.3999999904018896
20.3	2.3999999882148755
20.35	2.39999998613989
20.4	2.399999984173121
20.45	2.399999982311057
20.5	2.399999980550497
20.55	2.3999999788884976
20.6	2.399999977322329
20.65	2.3999999758494517
20.7	2.3999999744674865
20.75	2.399999973174179
20.8	2.3999999719673495
20.85	2.399999970844919
20.9	2.3999999698048335
20.95	2.399999968845061
21.0	2.399999967963574
21.05	2.3999999671583554
21.1	2.399999966427325
21.15	2.3999999657683926
21.2	2.399999965179408
21.25	2.3999999646581918
21.3	2.3999999642024856
21.35	2.399999963809999
21.4	2.3999999634783706
21.45	2.399999963205212
21.5	2.399999962988062
21.55	2.3999999628244417
21.6	2.399999962711826
21.65	2.399999962647657
21.7	2.399999962629395
21.75	2.3999999626544386
21.8	2.399999962720233
21.85	2.3999999628241993
21.9	2.39999996296381
21.95	2.3999999631365414
22.0	2.3999999633399094
22.05	2.3999999635714935
22.1	2.399999963828905
22.15	2.3999999641098304
22.2	2.3999999644120327
22.25	2.3999999647333223
22.3	2.399999965071619
22.35	2.3999999654249287
22.4	2.399999965791317
22.45	2.3999999661689864
22.5	2.399999966556216
22.55	2.3999999669513814
22.6	2.399999967352967
22.65	2.3999999677595705
22.7	2.3999999681698907
22.75	2.3999999685827085
22.8	2.399999968996937
22.85	2.3999999694115757
22.9	2.399999969825729
22.95	2.3999999702385946
23.0	2.399999970649468
23.05	2.399999971057733
23.1	2.399999971462847
23.15	2.3999999718643696
23.2	2.3999999722619236
23.25	2.399999972655213
23.3	2.3999999730439883
23.35	2.3999999734280744
23.4	2.3999999738073483
23.45	2.3999999741817346
23.5	2.399999974551195
23.55	2.399999974915737
23.6	2.3999999752753944
23.65	2.3999999756302173
23.7	2.399999975980285
23.75	2.399999976325696
23.8	2.399999976666554
23.85	2.3999999770029623
23.9	2.3999999773350327
23.95	2.399999977662893
24.0	2.3999999779866332
24.05	2.3999999783063624
24.1	2.399999978622171
24.15	2.3999999789341464
24.2	2.3999999792423603
24.25	2.3999999795468776
24.3	2.3999999798477574
24.35	2.3999999801450174
24.4	2.399999980438717
24.45	2.399999980728851
24.5	2.399999981015452
24.55	2.399999981298516
24.6	2.3999999815780373
24.65	2.3999999818540254
24.7	2.399999982126461
24.75	2.39999998239534
24.8	2.399999982660652
24.85	2.399999982922402
24.9	2.399999983180575
24.95	2.3999999834351926
