0.0	0
0.05	1.0330331896174476
0.1	1.7681621227238298
0.15	2.1482754845499548
0.2	2.356573149564583
0.25	2.4973231797332067
0.3	2.612320781339546
0.35	2.716447406301996
0.4	2.8144771391270984
0.45	2.9074908823878802
0.5	2.995265579672996
0.55	3.0772136702961603
0.6	3.152771776171568
0.65	3.2215515092546645
0.7	3.283376229876792
0.75	3.338263586649529
0.8	3.3863864421424053
0.85	3.428029736334074
0.9	3.4635516968088633
0.95	3.4933524818578006
1.0	3.5178505419988646
1.05	3.537465719869431
1.1	3.552607695639742
1.15	3.563668406483035
1.2	3.571017286378891
1.25	3.5749984544243083
1.3	3.5759292520259662
1.35	3.574099752860359
1.4	3.569773029479519
1.45	3.5631860594906533
1.5	3.5545512056835404
1.55	3.544058225603428
1.6	3.5318767724652016
1.65	3.5181593515210317
1.7	3.5030446986338633
1.75	3.4866615505301986
1.8	3.4691327756107473
1.85	3.450579825831643
1.9	3.4311274500868483
1.95	3.4109085753459563
2.0	3.39006921335682
2.05	3.368773190461707
2.1	3.3472064313942766
2.15	3.325580463338679
2.2	3.3041347555219307
2.25	3.2831374858367512
2.3	3.2628843436220625
2.35	3.243695048793604
2.4	3.2259073985721094
2.45	3.209868841817343
2.5	3.1959258139751676
2.55	3.184411317991293
2.6	3.175631474549538
2.65	3.1698519516221473
2.7	3.167285285471637
2.75	3.168080100995665
2.8	3.1723131230444013
2.85	3.1799846542151364
2.9	3.1910179059261705
2.95	3.2052622449393766
3.0	3.2225000958889787
3.05	3.24245695670402
3.1	3.26481376472446
3.15	3.289220713350491
3.2	3.3153115687418016
3.25	3.3427175708981456
3.3	3.371080113193425
3.35	3.400061562524732
3.4	3.4293537873551574
3.45	3.458684179185901
3.5	3.4878191606754685
3.55	3.5165653501510064
3.6	3.5447686827210645
3.65	3.5723118648563603
3.7	3.5991105616660577
3.75	3.6251086896203573
3.8	3.6502731212468187
3.85	3.6745880123125954
3.9	3.69804884436758
3.95	3.7206561405168106
4.0	3.742408658864418
4.05	3.763295689413916
4.1	3.7832878648164945
4.15	3.8023256316140155
4.2	3.820304218502202
4.25	3.837053634280978
4.3	3.8523121278873904
4.35	3.8656922109254572
4.4	3.87664118808658
4.45	3.884406245377105
4.5	3.8880329671470686
4.55	3.8864610073867873
4.6	3.878821706073905
4.65	3.8650285351871854
4.7	3.8465589364155104
4.75	3.8269408091612576
4.8	3.8112765279025185
4.85	3.804690528800473
4.9	3.8105466213205523
4.95	3.82953454578771
5.0	3.859949831540154
5.05	3.8986545973970785
5.1	3.9420750988868463
5.15	3.986907593023425
5.2	4.030486886389857
5.25	4.070894298861885
5.3	4.106906037901723
5.35	4.137867020924374
5.4	4.163547186750419
5.45	4.184011133371905
5.5	4.1995132198633796
5.55	4.21041945137907
5.6	4.217152488661842
5.65	4.220154642939909
5.7	4.219863971507225
5.75	4.216699507150036
5.8	4.211052678255762
5.85	4.203282861669232
5.9	4.193715682016409
5.95	4.182643136326939
6.0	4.170324922360678
6.05	4.156990532390472
6.1	4.142841785839452
6.15	4.12805554802575
6.2	4.112786440226053
6.25	4.097169399471348
6.3	4.0813219980050714
6.35	4.065346480326292
6.4	4.049331516409561
6.45	4.033353699564195
6.5	4.017478834706687
6.55	4.001763067996815
6.6	3.9862539041640987
6.65	3.9709911469171844
6.7	3.956007784331925
6.75	3.941330828275354
6.8	3.9269821069291235
6.85	3.912979003541186
6.9	3.8993351320697878
6.95	3.8860609418362873
7.0	3.87316424618706
7.05	3.8606506743741966
7.1	3.848524049991997
7.15	3.8367867027370637
7.2	3.8254397226158994
7.25	3.8144831668795014
7.3	3.803916229994543
7.35	3.7937373860710433
7.4	3.78394451162747
7.45	3.774534994677275
7.5	3.7655058341395717
7.55	3.756853731744303
7.6	3.748575177092871
7.65	3.7406665254552958
7.7	3.7331240672716626
7.75	3.725944088149767
7.8	3.7191229183352377
7.85	3.7126569710612647
7.9	3.7065427697384874
7.95	3.700776964533719
8.0	3.6953563391741766
8.05	3.6902778095931454
8.1	3.685538415538839
8.15	3.681135306732841
8.2	3.6770657247878638
8.25	3.673326981877644
8.3	3.66991643686329
8.35	3.666831469309387
8.4	3.6640694516093375
8.45	3.6616277193095894
8.5	3.6595035396847866
8.55	3.6576940786647905
8.6	3.656196366332817
8.65	3.65500726137508
8.7	3.6541234150374464
8.75	3.653541235306017
8.8	3.653256852152542
8.85	3.6532660847566274
8.9	3.6535644116272574
8.95	3.6541469444966577
9.0	3.6550084067583706
9.05	3.656143117079811
9.1	3.6575449786529624
9.15	3.659207474369351
9.2	3.661123668028839
9.25	3.663286211526233
9.3	3.665687357809958
9.35	3.66831897927668
9.4	3.671172591154173
9.45	3.6742393793321964
9.5	3.6775102320261395
9.55	3.6809757746003693
9.6	3.6846264068390315
9.65	3.688452341931118
9.7	3.6924436464380044
9.75	3.696590280534297
9.8	3.7008821378587187
9.85	3.705309084379829
9.9	3.709860995767722
9.95	3.714527792864445
10.0	3.7192994749558395
10.05	3.724166150659706
10.1	3.7291180663520818
10.15	3.734145632149342
10.2	3.7392394455424527
10.25	3.7443903128378486
10.3	3.7495892685946943
10.35	3.754827593260999
10.4	3.7600968292023222
10.45	3.765388795290714
10.5	3.770695600181974
10.55	3.7760096543614754
10.6	3.7813236809886432
10.65	3.7866307255220044
10.7	3.791924164066215
10.75	3.7971977103518215
10.8	3.8024454212418024
10.85	3.807661700655646
10.9	3.8128413018132696
10.95	3.817979327724914
11.0	3.823071229887809
11.05	3.828112805186355
11.1	3.833100191075742
11.15	3.838029859080795
11.2	3.8428986068152655
11.25	3.8477035486636515
11.3	3.852442105339833
11.35	3.857111992551072
11.4	3.861711208989623
11.45	3.866238023912993
11.5	3.870690964510387
11.55	3.8750688032731366
11.6	3.8793705455463745
11.65	3.883595417411899
11.7	3.8877428540205163
11.75	3.8918124884597316
11.8	3.8958041412119577
11.85	3.899717810230518
11.9	3.903553661636351
11.95	3.907312021018815
12.0	3.910993365309302
12.05	3.9145983151855965
12.1	3.9181276279596875
12.15	3.9215821908994863
12.2	3.9249630149360737
12.25	3.928271228712085
12.3	3.9315080729322003
12.35	3.934674894983637
12.4	3.937773143801545
12.45	3.9408043649617626
12.5	3.943770195989955
12.55	3.9466723618827224
12.6	3.949512670841233
12.65	3.952293010222372
12.7	3.9550153427156074
12.75	3.957681702755914
12.8	3.960294193184367
12.85	3.962854982168406
12.9	3.9653663003937147
12.95	3.967830438538867
13.0	3.970249745042947
13.05	3.972626624175409
13.1	3.974963534416305
13.15	3.9772629871540484
13.2	3.9795275457075734
13.25	3.981759824678791
13.3	3.983962489641824
13.35	3.986138257175018
13.4	3.9882898952424606
13.45	3.9904202239319013
13.5	3.9925321165563683
13.55	3.9946285011269316
13.6	3.996712362204222
13.65	3.998786743135497
13.7	4.000854748683722
13.75	4.002919548053473
13.8	4.004984378317042
13.85	4.007052548241719
13.9	4.009127442516697
13.95	4.011212526375049
14.0	4.013311350602787
14.05	4.015427556923175
14.1	4.017564883740261
14.15	4.019727172220738
14.2	4.021918372687237
14.25	4.024142551289303
14.3	4.026403896908928
14.35	4.028706728245597
14.4	4.031055501009507
14.45	4.033454815129582
14.5	4.035909421852395
14.55	4.038424230566833
14.6	4.04100431513216
14.65	4.043654919409718
14.7	4.046381461592705
14.75	4.049189536785019
14.8	4.052084917085212
14.85	4.055073548167613
14.9	4.058161540993427
14.95	4.061355156796057
15.0	4.064660782817644
15.05	4.0680848953582025
15.1	4.071634005437729
15.15	4.075314580623016
15.2	4.079132934132294
15.25	4.083095068906572
15.3	4.087206459491495
15.35	4.091471747667831
15.4	4.095894317845654
15.45	4.1004757038619495
15.5	4.105214757829123
15.55	4.11010648078247
15.6	4.11514036907071
15.65	4.120298062138436
15.7	4.125549975180685
15.75	4.130850447457487
15.8	4.136130710857578
15.85	4.141288656013996
15.9	4.146173924794858
15.95	4.150566319755169
16.0	4.154145110671875
16.05	4.156447309480151
16.1	4.15681661774989
16.15	4.154357039486865
16.2	4.1479366134633135
16.25	4.136346221662664
16.3	4.118773316331685
16.35	4.095652075394589
16.4	4.069525966109875
16.45	4.045098539039616
16.5	4.027948477117812
16.55	4.022482193688296
16.6	4.030439958294059
16.65	4.0507706845695886
16.7	4.080541563685716
16.75	4.116069190366009
16.8	4.153787031966378
16.85	4.190748273485891
16.9	4.2248179663893755
16.95	4.254650676162276
17.0	4.279554054422566
17.05	4.299317713215847
17.1	4.314054850803184
17.15	4.324076445866951
17.2	4.329800600459122
17.25	4.331691622918832
17.3	4.33022126434868
17.35	4.325845185369621
17.4	4.318989378626372
17.45	4.310042957050806
17.5	4.299355048589864
17.55	4.287234429420546
17.6	4.273951041608057
17.65	4.259738795040322
17.7	4.244799165627562
17.75	4.229305162578392
17.8	4.213405299732698
17.85	4.197227288245493
17.9	4.180881266369065
17.95	4.164462482236974
18.0	4.148053432277365
18.05	4.13172552086345
18.1	4.115540342280398
18.15	4.099550696018699
18.2	4.083801436543009
18.25	4.068330236430253
18.3	4.05316831439986
18.35	4.038341153386309
18.4	4.023869212106292
18.45	4.009768619433173
18.5	3.9960518335419204
18.55	3.982728247017413
18.6	3.9698047227576465
18.65	3.9572860516640893
18.7	3.945175329994454
18.75	3.9334742604991737
18.8	3.922183386228588
18.85	3.911302268827117
18.9	3.9008296242393063
18.95	3.890763428309225
19.0	3.881101003152725
19.05	3.8718390928568516
19.1	3.8629739344232408
19.15	3.8545013272760564
19.2	3.8464167023765623
19.25	3.838715190216995
19.3	3.831391685807895
19.35	3.8244409082456348
19.4	3.8178574524919076
19.45	3.8116358315001637
19.5	3.8057705076296235
19.55	3.800255913239617
19.6	3.795086461199067
19.65	3.7902565469964853
19.7	3.7857605443822377
19.75	3.7815927969222214
19.8	3.777747607693172
19.85	3.7742192290769574
19.9	3.771001854144069
19.95	3.768089610554955
20.0	3.7654765573313114
20.05	3.763156684328661
20.1	3.761123913830226
20.15	3.759372103413637
20.2	3.757895049129172
20.25	3.7566864880625865
20.3	3.755740099513967
20.35	3.755049504271846
20.4	3.754608261756807
20.45	3.754409865113134
20.5	3.754447734600803
20.55	3.754715209858836
20.6	3.7552055417556005
20.65	3.755911884604882
20.7	3.7568272895173678
20.75	3.757944699556508
20.8	3.759256947305111
20.85	3.7607567551847167
20.9	3.762436738802796
20.95	3.7642894133802347
21.0	3.7663072031785854
21.05	3.7684824537197295
21.1	3.7708074464934898
21.15	3.7732744157802633
21.2	3.7758755671732493
21.25	3.778603097366121
21.3	3.781449214771466
21.35	3.784406160549947
21.4	3.787466229658756
21.45	3.7906217915451603
21.5	3.7938653101927806
21.55	3.79718936321617
21.6	3.8005866597897127
21.65	3.8040500572264664
21.7	3.8075725760767876
21.75	3.811147413664505
21.8	3.8147679560256487
21.85	3.818427788258361
21.9	3.822120703331769
21.95	3.8258407094344125
22.0	3.8295820359686585
22.05	3.8333391383147535
22.1	3.837106701496912
22.15	3.840879642880579
22.2	3.8446531140415123
22.25	3.8484225018817297
22.3	3.8521834291165984
22.35	3.8559317541794274
22.4	3.8596635705888436
22.45	3.8633752057965576
22.5	3.8670632195142387
22.55	3.8707244015037308
22.6	3.8743557688075847
22.65	3.8779545623957423
22.7	3.881518243210977
22.75	3.8850444876072605
22.8	3.8885311821925854
22.85	3.891976418107324
22.9	3.8953784847899793
22.95	3.89873586330181
23.0	3.902047219298652
23.05	3.9053113957525176
23.1	3.9085274055274173
23.15	3.911694423924296
23.2	3.914811781298106
23.25	3.917878955844446
23.3	3.920895566638995
23.35	3.9238613669962583
23.4	3.926776238195988
23.45	3.929640183606796
23.5	3.9324533232187844
23.55	3.935215888580775
23.6	3.93792821812485
23.65	3.94059075285051
23.7	3.943204032334417
23.75	3.945768691028072
23.8	3.9482854548058572
23.85	3.9507551377278936
23.9	3.953178638986604
23.95	3.955556940011647
24.0	3.957891101714134
24.05	3.9601822618579523
24.1	3.962431632552128
24.15	3.964640497864171
24.2	3.966810211558963
24.25	3.9689421949716714
24.3	3.971037935025777
24.35	3.973098982409043
24.4	3.9751269499209343
24.45	3.9771235110047884
24.5	3.9790903984776924
24.55	3.9810294034694995
24.6	3.982942374581491
24.65	3.9848312172734923
24.7	3.9866978934872113
24.75	3.988544421512243
24.8	3.9903728761005373
24.85	3.992185388834474
24.9	3.993984148753654
24.95	3.9957714032455076
25.0	3.9975494592053873
