0	0
0.05	1.2683915967141806
0.1	1.9966092005812042
0.15	2.361241377278499
0.2	2.5467454845353044
0.25	2.65966054884491
0.3	2.743340894939368
0.35	2.813694851408133
0.4	2.8764267488023965
0.45	2.9336410004382283
0.5	2.9861986650589385
0.55	3.034537202515691
0.6	3.078951813455159
0.65	3.119690381718888
0.7	3.156984293116148
0.75	3.191057380699045
0.8	3.2221275864364913
0.85	3.250406386392489
0.9	3.276097722040429
0.95	3.299397021667309
1.0	3.320490478871886
1.05	3.3395546007888406
1.1	3.356755984044913
1.15	3.3722512644135723
1.2	3.386187193213055
1.25	3.3987008071228884
1.3	3.4099196707385584
1.35	3.4199621792182895
1.4	3.4289379114038883
1.45	3.4369480234613996
1.5	3.4440856716494284
1.55	3.4504364520791206
1.6	3.4560788462846816
1.65	3.461084662049597
1.7	3.465519466865752
1.75	3.469443004717547
1.8	3.4729095996552024
1.85	3.4759685435830834
1.9	3.4786644688829877
1.95	3.481037705865416
2.0	3.483124624654556
2.05	3.4849579607518515
2.1	3.486567123347926
2.15	3.487978485508621
2.2	3.489215655615002
2.25	3.4902997298082785
2.3	3.4912495255948235
2.35	3.4920817971322777
2.4	3.492811433005304
2.45	3.4934516374908426
2.5	3.4940140964155435
2.55	3.4945091287373797
2.6	3.4949458249602965
2.65	3.49533217343564
2.7	3.4956751755292634
2.75	3.4959809505529806
2.8	3.4962548312765036
2.85	3.4965014507583847
2.9	3.496724821162577
2.95	3.4969284051643887
3.0	3.4971151804953413
3.05	3.4972876981329715
3.1	3.497448134607271
3.15	3.497598338869488
3.2	3.4977398741498797
3.25	3.4978740552162844
3.3	3.498001981431888
3.35	3.498124565998302
3.4	3.4982425617545783
3.45	3.498356583885695
3.5	3.4984671298730876
3.55	3.4985745969960593
3.6	3.498679297666922
3.65	3.498781472854891
3.7	3.4988813038259425
3.75	3.4989789223981074
3.8	3.4990744198860493
3.85	3.4991678548847025
3.9	3.4992592600213754
3.95	3.499348647787347
4.0	3.499436015545884
4.05	3.4995213498014595
4.1	3.499604629806212
4.15	3.499685830572464
4.2	3.4997649253553074
4.25	3.4998418876645983
4.3	3.499916692862793
4.35	3.499989319401421
4.4	3.5000597497459327
4.45	3.5001279710350697
4.5	3.5001939755171505
4.55	3.500257760801496
4.6	3.500319329959003
4.65	3.500378691501481
4.7	3.5004358592651004
4.75	3.5004908522194547
4.8	3.5005436942197377
4.85	3.5005944137383267
4.9	3.5006430434489104
4.95	3.5006896200416295
5.0	3.5007341837539063
5.05	3.5007767780393078
5.1	3.5008174492032724
5.15	3.500856246041009
5.2	3.500893219481269
5.25	3.5009284222390713
5.3	3.500961908480041
5.35	3.500993733498477
5.4	3.5010239534111505
5.45	3.501052624868251
5.5	3.501079804782663
5.55	3.5011055500783135
5.6	3.5011299174582557
5.65	3.501152963192525
5.7	3.5011747429259406
5.75	3.5011953115053354
5.8	3.5012147228261283
5.85	3.50123302969733
5.9	3.501250283724428
5.95	3.5012665352094094
6.0	3.5012818330668076
6.05	3.501296224755062
6.1	3.501309756222105
6.15	3.501322471864147
6.2	3.5013344144966565
6.25	3.5013456253364565
6.3	3.5013561439940433
6.35	3.5013660084748452
6.4	3.501375255188709
6.45	3.501383918966409
6.5	3.5013920330824546
6.55	3.5013996292831355
6.6	3.5014067378191727
6.65	3.501413387482006
6.7	3.501419605643292
6.75	3.50142541829669
6.8	3.501430850101628
6.85	3.501435924428402
6.9	3.5014406634042023
6.95	3.5014450879597723
7.0	3.5014492178762024
7.05	3.501453071831755
7.1	3.5014566674484344
7.15	3.5014600213379543
7.2	3.501463149147176
7.25	3.501466065602675
7.3	3.501468784554437
7.35	3.501471319018458
7.4	3.501473681218337
7.45	3.5014758826256163
7.5	3.5014779339989364
7.55	3.5014798454218528
7.6	3.5014816263394164
7.65	3.5014832855933347
7.7	3.5014848314558082
7.75	3.501486271662033
7.8	3.501487613441219
7.85	3.5014888635464034
7.9	3.501490028282749
7.95	3.501491113534609
8.0	3.5014921247912634
8.05	3.5014930671713107
8.1	3.501493945445884
8.15	3.5014947640606033
8.2	3.501495527156395
8.25	3.501496238589074
8.3	3.5014969019479225
8.35	3.501497520573224
8.4	3.5014980975726595
8.45	3.5014986358369398
8.5	3.501499138054278
8.55	3.501499606724184
8.6	3.501500044170276
8.65	3.501500452552423
8.7	3.501500833877955
8.75	3.5015011900123545
8.8	3.501501522689124
8.85	3.5015018335190256
8.9	3.501502123998785
8.95	3.501502395519141
9.0	3.501502649372375
9.05	3.501502886759355
9.1	3.5015031087960713
9.15	3.5015033165197034
9.2	3.501503510894308
9.25	3.501503692816103
9.3	3.5015038631182946
9.35	3.501504022575702
9.4	3.501504171908937
9.45	3.5015043117883233
9.5	3.501504442837523
9.55	3.50150456563695
9.6	3.5015046807268235
9.65	3.501504788610136
9.7	3.501504889755295
9.75	3.5015049845986312
9.8	3.501505073546697
9.85	3.501505156978385
9.9	3.5015052352469467
9.95	3.501505308681804
10.0	3.501505377590236
10.05	3.5015054422589684
10.1	3.5015055029556423
10.15	3.5015055599301235
10.2	3.501505613415802
10.25	3.5015056636307134
10.3	3.501505710778631
10.35	3.501505755050066
10.4	3.501505796623165
10.45	3.5015058356645916
10.5	3.501505872330288
10.55	3.5015059067662375
10.6	3.5015059391091232
10.65	3.501505969486982
10.7	3.5015059980197547
10.75	3.501506024819863
10.8	3.5015060499926856
10.85	3.501506073637042
10.9	3.501506095845624
10.95	3.501506116705383
11.0	3.5015061362979267
11.05	3.5015061546998436
11.1	3.501506171983044
11.15	3.501506188215046
11.2	3.501506203459275
11.25	3.501506217775283
11.3	3.501506231219045
11.35	3.501506243843145
11.4	3.5015062556969987
11.45	3.5015062668270462
11.5	3.501506277276946
11.55	3.501506287087726
11.6	3.5015062962979684
11.65	3.501506304943941
11.7	3.5015063130597466
11.75	3.501506320677446
11.8	3.501506327827169
11.85	3.501506334537267
11.9	3.5015063408343896
11.95	3.5015063467436005
12.0	3.5015063522884464
12.05	3.50150635749108
12.1	3.5015063623723264
12.15	3.5015063669517743
12.2	3.501506371247811
12.25	3.5015063752777533
12.3	3.5015063790578465
12.35	3.5015063826033943
12.4	3.5015063859287405
12.45	3.5015063890474143
12.5	3.501506391972079
12.55	3.5015063947146707
12.6	3.5015063972863856
12.65	3.501506399697744
12.7	3.5015064019586437
12.75	3.5015064040783566
12.8	3.5015064060656167
12.85	3.5015064079286127
12.9	3.501506409675038
12.95	3.501506411312114
13.0	3.501506412846636
13.05	3.5015064142849535
13.1	3.501506415633064
13.15	3.5015064168965777
13.2	3.5015064180807496
13.25	3.5015064191905374
13.3	3.5015064202305792
13.35	3.501506421205224
13.4	3.501506422118566
13.45	3.501506422974435
13.5	3.501506423776428
13.55	3.5015064245279195
13.6	3.5015064252320784
13.65	3.5015064258918676
13.7	3.5015064265100775
13.75	3.501506427089318
13.8	3.5015064276320347
13.85	3.5015064281405204
13.9	3.501506428616947
13.95	3.50150642906332
14.0	3.5015064294815246
14.05	3.5015064298733494
14.1	3.501506430240453
14.15	3.5015064305843917
14.2	3.501506430906621
14.25	3.501506431208527
14.3	3.5015064314913817
14.35	3.5015064317563875
14.4	3.5015064320046703
14.45	3.5015064322372997
14.5	3.501506432455257
14.55	3.5015064326594576
14.6	3.501506432850787
14.65	3.50150643303005
14.7	3.5015064331980175
14.75	3.501506433355393
14.8	3.5015064335028496
14.85	3.501506433641025
14.9	3.5015064337704884
14.95	3.501506433891802
15.0	3.501506434005479
15.05	3.5015064341120006
15.1	3.5015064342118083
15.15	3.501506434305354
15.2	3.501506434393003
15.25	3.5015064344751465
15.3	3.5015064345521276
15.35	3.501506434624272
15.4	3.501506434691877
15.45	3.5015064347552345
15.5	3.5015064348146185
15.55	3.5015064348702727
15.6	3.501506434922437
15.65	3.5015064349713305
15.7	3.501506435017152
15.75	3.501506435060102
15.8	3.5015064351003553
15.85	3.5015064351380896
15.9	3.501506435173464
15.95	3.5015064352066094
16.0	3.5015064352376877
16.05	3.5015064352376877
16.1	3.5015064352376877
16.15	3.5015064352376877
16.2	3.5015064352376877
16.25	3.5015064352376877
16.3	3.5015064352376877
16.35	3.5015064352376877
16.4	3.5015064352376877
16.45	3.5015064352376877
16.5	3.5015064352376877
16.55	3.5015064352376877
16.6	3.5015064352376877
16.65	3.5015064352376877
16.7	3.5015064352376877
16.75	3.5015064352376877
16.8	3.5015064352376877
16.85	3.5015064352376877
16.9	3.5015064352376877
16.95	3.5015064352376877
17.0	3.5015064352376877
17.05	3.5015064352376877
17.1	3.5015064352376877
17.15	3.5015064352376877
17.2	3.5015064352376877
17.25	3.5015064352376877
17.3	3.5015064352376877
17.35	3.5015064352376877
17.4	3.5015064352376877
17.45	3.5015064352376877
17.5	3.5015064352376877
17.55	3.5015064352376877
17.6	3.5015064352376877
17.65	3.5015064352376877
17.7	3.5015064352376877
17.75	3.5015064352376877
17.8	3.5015064352376877
17.85	3.5015064352376877
17.9	3.5015064352376877
17.95	3.5015064352376877
18.0	3.5015064352376877
18.05	3.5015064352376877
18.1	3.5015064352376877
18.15	3.5015064352376877
18.2	3.5015064352376877
18.25	3.5015064352376877
18.3	3.5015064352376877
18.35	3.5015064352376877
18.4	3.5015064352376877
18.45	3.5015064352376877
18.5	3.5015064352376877
18.55	3.5015064352376877
18.6	3.5015064352376877
18.65	3.5015064352376877
18.7	3.5015064352376877
18.75	3.5015064352376877
18.8	3.5015064352376877
18.85	3.5015064352376877
18.9	3.5015064352376877
18.95	3.5015064352376877
19.0	3.5015064352376877
19.05	3.5015064352376877
19.1	3.5015064352376877
19.15	3.5015064352376877
19.2	3.5015064352376877
19.25	3.5015064352376877
19.3	3.5015064352376877
19.35	3.5015064352376877
19.4	3.5015064352376877
19.45	3.5015064352376877
19.5	3.5015064352376877
19.55	3.5015064352376877
19.6	3.5015064352376877
19.65	3.5015064352376877
19.7	3.5015064352376877
19.75	3.5015064352376877
19.8	3.5015064352376877
19.85	3.5015064352376877
19.9	3.5015064352376877
19.95	3.5015064352376877
20.0	3.5015064352376877
20.05	3.5015064352376877
20.1	3.5015064352376877
20.15	3.5015064352376877
20.2	3.5015064352376877
20.25	3.5015064352376877
20.3	3.5015064352376877
20.35	3.5015064352376877
20.4	3.5015064352376877
20.45	3.5015064352376877
20.5	3.5015064352376877
20.55	3.5015064352376877
20.6	3.5015064352376877
20.65	3.5015064352376877
20.7	3.5015064352376877
20.75	3.5015064352376877
20.8	3.5015064352376877
20.85	3.5015064352376877
20.9	3.5015064352376877
20.95	3.5015064352376877
21.0	3.5015064352376877
21.05	3.5015064352376877
21.1	3.5015064352376877
21.15	3.5015064352376877
21.2	3.5015064352376877
21.25	3.5015064352376877
21.3	3.5015064352376877
21.35	3.5015064352376877
21.4	3.5015064352376877
21.45	3.5015064352376877
21.5	3.5015064352376877
21.55	3.5015064352376877
21.6	3.5015064352376877
21.65	3.5015064352376877
21.7	3.5015064352376877
21.75	3.5015064352376877
21.8	3.5015064352376877
21.85	3.5015064352376877
21.9	3.5015064352376877
21.95	3.5015064352376877
22.0	3.5015064352376877
22.05	3.5015064352376877
22.1	3.5015064352376877
22.15	3.5015064352376877
22.2	3.5015064352376877
22.25	3.5015064352376877
22.3	3.5015064352376877
22.35	3.5015064352376877
22.4	3.5015064352376877
22.45	3.5015064352376877
22.5	3.5015064352376877
22.55	3.5015064352376877
22.6	3.5015064352376877
22.65	3.5015064352376877
22.7	3.5015064352376877
22.75	3.5015064352376877
22.8	3.5015064352376877
22.85	3.5015064352376877
22.9	3.5015064352376877
22.95	3.5015064352376877
23.0	3.5015064352376877
23.05	3.5015064352376877
23.1	3.5015064352376877
23.15	3.5015064352376877
23.2	3.5015064352376877
23.25	3.5015064352376877
23.3	3.5015064352376877
23.35	3.5015064352376877
23.4	3.5015064352376877
23.45	3.5015064352376877
23.5	3.5015064352376877
23.55	3.5015064352376877
23.6	3.5015064352376877
23.65	3.5015064352376877
23.7	3.5015064352376877
23.75	3.5015064352376877
23.8	3.5015064352376877
23.85	3.5015064352376877
23.9	3.5015064352376877
23.95	3.5015064352376877
24.0	3.5015064352376877
24.05	3.5015064352376877
24.1	3.5015064352376877
24.15	3.5015064352376877
24.2	3.5015064352376877
24.25	3.5015064352376877
24.3	3.5015064352376877
24.35	3.5015064352376877
24.4	3.5015064352376877
24.45	3.5015064352376877
24.5	3.5015064352376877
24.55	3.5015064352376877
24.6	3.5015064352376877
24.65	3.5015064352376877
24.7	3.5015064352376877
24.75	3.5015064352376877
24.8	3.5015064352376877
24.85	3.5015064352376877
24.9	3.5015064352376877
24.95	3.5015064352376877
